1
107
104
106
103
102
111
108
2
115
26
300
105
301
101
114
17
117
245
109
118
121
13
12
20
332
145
122
335
21
230
242
7
8
119
262
116
259
263
34
298
3
243
4
128
152
302
33
5
151
304
14
147
244
254
256
113
159
172
173
36
6
10
11
127
169
247
249
38
9
125
16
131
176
207
22
246
30
303
129
132
139
158
171
19
294
15
161
163
170
183
191
197
204
24
37
389
40
126
184
193
250
252
257
260
295
381
143
156
187
190
195
196
200
205
216
27
305
334
348
35
354
365
39
124
133
166
188
202
208
213
223
225
248
255
306
31
346
347
349
350
357
358
361
367
380
384
400
41
410
412
120
135
149
164
175
178
186
201
209
232
251
28
308
331
342
355
359
360
368
378
379
385
392
404
409
411
414
45
134
150
153
180
212
220
221
222
224
231
233
239
240
25
264
29
307
322
341
344
352
356
366
375
376
382
383
387
394
396
397
398
399
401
402
403
407
408
416
417
42
43
500
501
502
503
504
505
506
507
508
509
510
511
512
513
514
515
